2025-03-11, 205.0, 60.0, 15.0, 39.92
2025-03-11, 185.0, 50.0, 14.0, 24.09
2025-03-11, 185.0, 50.0, 14.0, 24.09
2025-03-11, 185.0, 50.0, 14.0, 24.09
2025-03-11, 185.0, 50.0, 14.0, 24.09
2025-03-11, 185.0, 50.0, 14.0, 24.09
2025-03-11, 185.0, 50.0, 14.0, 24.09
2025-03-11, 205.0, 60.0, 15.0, 39.92
2025-03-11, 185.0, 50.0, 14.0, 24.09 
f, {phone_number}
2025-03-11, 185.0, 50.0, 14.0, 24.09, <class 'int'>
f, {phone_number}
2025-03-11, 185.0, 50.0, 14.0, 24.09 
f, {phone_number}
2025-03-11, 185.0, 50.0, 14.0, 24.09 

2025-03-11, 185.0, 50.0, 14.0, 24.09 
99595919191919
2025-03-11, 205.0, 60.0, 15.0, 39.92 
6546546877987
